12
3
0 0 0
100 100 100
0 200 0
4
0 0 0
0 255 255
255 0 0
255 255 255
10
105 198 103
255 81 115
41 236 74
171 186 205
227 251 242
194 124 70
27 248 84
141 231 232
46 90 118
159 51 99
30
102 154 201
183 13 50
163 88 49
93 37 90
88 23 5
212 94 233
205 178 171
180 155 198
14 17 84
65 116 130
220 61 33
233 112 135
65 161 62
103 252 225
126 1 62
220 234 151
143 150 107
42 92 56
59 176 236
175 50 251
236 84 60
92 219 24
254 26 2
250 251 67
251 58 170
230 209 41
124 60 5
216 117 148
137 97 190
187 92 249
50
15 153 168
235 177 149
5 179 241
0 247 239
58 161 233
11 202 229
72 208 203
189 100 71
30 35 31
123 28 168
20 197 100
197 90 115
121 75 94
112 59 99
17 36 100
220 9 158
172 212 170
16 27 242
51 59 175
80 227 205
21 71 72
111 187 92
186 25 34
245 125 155
26 225 11
35 127 28
248 41 248
19 27 164
78 202 181
50 152 232
121 224 56
52 61 77
78 95 188
203 250 119
172 5 108
43 33 134
85 26 170
112 190 162
59 115 181
211 92 4
179 148 54
240 226 175
79 158 228
73 21 50
78 130 253
112 8 169
138 178 212
72 84 41
188 10 154
24 14 213
80
172 68 168
142 243 91
45 215 76
66 9 155
196 6 229
205 175 51
127 132 163
212 173 45
222 71 118
236 28 50
48 196 74
35 32 246
251 108 133
4 7 178
11 236 244
186 32 185
62 195 134
236 241 5
51 103 217
80 153 183
20 227 163
52 217 211
160 94 247
168 16 242
148 5 246
180 190 1
120 68 188
105 73 250
208 35 230
105 218 26
76 126 106
37 81 126
132 72 179
148 58 83
153 49 251
87 50 144
155 238 68
229 233 188
8 207 37
226 233 245
96 83 94
178 210 170
250 133 208
53 216 84
102 212 232
152 100 130
135 168 217
112 101 117
63 138 90
41 128 98
124 222 68
78 137 165
211 89 87
172 173 81
128 149 134
228 23 236
140 241 133
241 102 12
124 192 124
252 34 187
218 102 228
99 11 97
188 98 175
105 180 131
255 58 47
22 39 175
7 172 147
109 184 31
45 52 17
79 239 141
182 212 137
193 53 99
36 228 199
216 103 131
18 150 237
57 69 236
229 216 2
157 248 10
209 9 119
193 150 165
100
149 31 244
202 130 170
174 73 108
22 205 144
172 186 104
242 166 122
202 168 180
194 178 153
203 42 55
97 207 8
128 195 201
3 110 94
76 218 40
25 106 215
211 210 237
121 76 153
34 0 139
212 154 86
254 209 24
205 217 228
145 163 69
255 1 198
217 42 201
67 1 21
21 238 47
97 135 2
98 19 124
252 105 158
205 129 114
166 101 113
73 171 62
75 113 207
117 58 206
118 79 167
100 126 234
235 129 255
254 253 97
103 155 195
233 13 191
78 126 140
249 189 50
106 140 124
164 91 199
244 2 60
114 237 178
243 236 22
240 77 1
139 16 0
153 207 103
23 91 80
212 142 159
97 10 152
188 209 3
190 13 167
171 191 155
152 213 14
229 214 1
246 214 242
197 62 125
33 142 22
175 45 46
185 198 2
138 201 99
151 112 31
86 12 222
43 26 137
1 27 33
216 13 7
22 139 253
164 161 194
210 207 227
152 210 146
97 53 75
209 85 213
221 51 108
247 188 194
19 222 237
32 229 239
171 226 199
77 164 221
28 136 129
238 26 83
36 102 235
121 59 76
172 168 30
104 106 251
70 88 243
43 71 6
13 14 38
178 235 210
58 108 31
84 192 59
186 171 42
246 248 78
158 22 199
8 17 115
96 4 219
167 10 34
181 49 77
160 3 91
120
13 34 13
205 93 71
120 135 155
112 213 86
134 156 76
152 15 234
156 235 242
167 13 83
216 90 250
219 181 176
253 194 80
90 9 93
226 165 42
183 251 163
84 71 19
99 49 154
78 35 50
91 118 206
182 113 117
107 33 77
46 113 40
55 207 37
220 249 128
215 156 98
30 176 25
79 74 109
115 124 209
233 74 31
90 192 123
123 13 49
237 54 156
188 91 202
181 219 2
82 61 222
2 87 182
76 196 212
200 149 36
18 181 151
210 48 128
224 97 219
22 253 86
113 200 67
77 202 255
138 168 181
225 94 7
166 51 9
59 87 85
240 238 29
32 110 47
129 73 2
127 160 226
71 227 248
17 227 105
185 152 182
24 159 65
75 168 34
162 253 200
144 26 4
254 73 244
72 75 21
232 45 150
203 37 21
174 143 92
70 69 109
229 134 39
141 169 63
138 113 138
164 117 44
238 106 188
57 127 186
103 21 2
140 43 234
27 135 182
97 245 100
231 28 171
144 91 144
2 229 30
119 17 168
225 205 77
96 135 59
118 138 116
161 116 219
40 42 104
29 143 131
57 58 228
148 202 204
121 232 92
138 145 94
87 222 214
223 25 183
105 141 24
221 105 142
8 209 47
151 84 87
209 57 117
155 5 174
132 97 67
21 192 188
243 150 71
12 77 158
153 101 125
2 243 230
211 34 196
40 122 204
97 239 99
102 157 52
199 224 207
135 157 83
29 228 104
107 130 91
208 0 103
196 230 1
230 170 3
96 118 215
79 217 255
237 13 96
205 221 198
106 48 141
78 153 21
209 244 50
140
209 92 157
183 93 110
98 96 50
216 55 24
178 54 121
191 150 200
156 92 181
205 234 131
102 255 237
90 49 60
182 207 13
19 61 222
116 111 149
171 135 247
226 0 208
120 201 130
213 126 65
191 1 222
190 239 171
239 43 17
190 56 107
251 22 34
106 171 53
242 163 169
242 115 85
187 245 55
58 54 175
59 20 132
42 191 67
85 208 1
141 60 241
163 94 175
79 147 171
242 61 21
101 146 7
90 201 250
144 120 181
165 253 239
100 64 43
53 66 85
113 51 171
207 226 56
98 141 220
159 163 43
49 170 29
250 164 130
115 90 220
112 73 108
176 116 17
242 202 118
37 117 171
8 173 28
149 137 235
56 180 77
227 209 237
135 83 30
225 47 25
43 156 140
159 173 252
105 35 172
222 206 159
140 234 196
21 213 204
202 35 98
155 16 154
239 46 125
30 71 5
186 211 230
104 207 17
139 124 177
90 27 26
68 223 249
26 172 133
61 14 154
77 168 100
123 38 0
195 43 239
150 17 13
102 35 200
226 212 48
253 238 187
220 231 21
136 108 90
150 7 116
63 107 177
101 107 254
144 90 121
161 104 60
196 48 211
152 96 57
135 27 27
110 49 24
219 139 244
226 255 125
77 176 19
185 174 82
19 39 183
123 100 71
171 55 233
11 112 173
39 139 70
88 163 205
227 151 59
226 20 22
146 40 248
64 122 70
103 50 255
203 121 18
2 98 142
114 16 57
253 86 69
160 35 108
56 94 196
76 117 167
116 109 137
239 179 27
33 178 91
154 197 194
253 83 142
13 140 144
99 209 3
134 61 0
228 1 161
89 168 217
199 49 37
122 76 154
45 167 137
242 106 170
69 248 68
209 136 65
163 139 78
224 140 177
226 45 55
138 6 28
188 43 117
8 197 60
176 78 183
26 248 228
18 61 214
154 126 27
160
38 205 236
178 126 143
223 182 112
229 210 82
16 71 220
214 132 152
36 59 161
29 31 81
90 245 107
216 16 125
165 252 23
36 140 61
218 252 239
172 78 206
243 42 179
119 195 196
178 100 154
209 181 190
198 32 219
214 157 53
211 180 14
95 242 179
91 225 215
169 176 177
211 99 93
150 39 81
250 193 200
175 128 123
207 91 76
108 145 19
33 159 233
19 82 188
244 42 27
164 219 118
8 57 31
47 138 243
241 82 137
113 205 132
204 26 51
93 45 3
252 22 111
79 211 144
121 238 163
84 101 152
141 132 60
23 119 68
106 1 116
55 133 101
81 184 214
126 187 162
149 43 0
104 187 252
86 95 75
187 247 196
64 51 25
183 120 166
184 236 190
61 81 40
246 39 95
177 201 177
220 201 47
152 198 196
247 17 44
238 214 131
33 239 62
153 149 126
133 83 54
214 123 238
253 219 44
199 140 34
144 187 211
86 128 176
104 172 72
62 47 63
45 110 45
194 236 78
22 34 232
145 17 109
108 61 68
248 95 65
180 50 8
52 226 153
224 42 239
16 105 87
126 150 149
106 229 194
141 205 133
158 58 155
219 126 44
58 192 153
108 200 145
79 97 69
121 81 121
227 168 90
121 62 106
94 0 232
43 133 82
102 32 223
228 77 125
164 230 88
109 119 146
206 189 255
31 54 78
200 144 199
6 250 170
6 226 36
140 53 130
172 20 174
249 146 20
223 234 248
87 125 157
20 124 10
74 202 216
219 145 248
213 60 192
184 96 198
237 226 204
1 144 88
147 164 5
126 157 254
251 58 222
119 68 53
65 28 73
210 20 147
14 212 110
110 154 68
81 103 252
225 191 233
134 196 234
35 195 126
93 161 252
161 214 247
189 31 110
210 178 175
166 33 129
65 101 144
168 97 254
103 74 79
44 52 49
239 178 183
144 174 218
102 165 55
133 19 216
55 194 149
88 68 103
189 212 14
30 210 79
104 34 247
157 83 94
79 10 138
254 228 121
163 27 9
183 243 111
121 136 244
189 240 44
145 254 132
100 77 66
134 68 96
217 162 201
227 45 102
180
199 166 181
226 176 179
213 31 87
93 20 14
77 64 135
75 196 69
152 6 214
220 103 58
127 48 192
172 150 153
82 75 124
2 255 67
34 86 37
54 100 250
118 235 88
58 48 165
65 7 241
168 65 137
216 2 102
110 155 229
185 24 145
184 91 227
14 129 230
114 123 8
94 211 62
142 121 180
149 106 238
215 243 47
217 89 215
116 62 175
140 207 29
232 179 215
105 153 143
228 161 158
184 223 16
49 147 110
155 129 253
142 177 146
232 136 105
38 56 66
246 85 183
169 44 67
66 188 43
227 90 148
194 106 121
85 217 49
214 214 98
135 104 253
16 210 139
72 20 115
157 203 154
202 15 144
134 58 57
224 207 123
74 72 94
35 121 32
249 219 117
98 216 75
52 99 211
72 215 227
20 113 43
35 1 200
93 58 146
44 181 24
116 19 248
237 51 67
200 168 102
160 243 96
4 198 194
219 169 246
76 212 62
77 157 82
135 47 117
60 72 211
79 64 255
130 131 116
42 234 97
29 74 42
228 12 202
141 2 206
98 64 169
255 147 245
46 8 66
118 219 201
183 219 5
58 79 84
36 176 214
110 218 0
122 165 30
124 115 2
189 29 143
80 18 241
88 85 240
52 30 31
15 36 149
94 120 76
14 79 135
233 79 171
142 109 26
1 111 148
30 255 17
49 240 206
134 225 30
164 0 118
200 149 170
65 226 185
144 105 23
223 20 38
77 46 15
188 195 157
187 212 158
172 162 189
141 192 238
141 54 116
34 225 24
4 154 225
109 178 34
130 216 178
176 231 145
115 132 222
71 34 155
233 223 86
169 205 2
224 65 143
193 90 28
91 59 63
13 93 67
229 15 177
204 160 51
80 127 227
115 26 87
82 112 158
32 115 136
97 2 49
187 31 17
246 94 210
83 161 46
98 82 59
3 133 33
130 105 237
156 192 62
12 94 177
127 230 3
130 24 35
161 41 133
255 252 64
160 42 55
243 101 138
120 134 237
225 116 240
161 178 114
0 99 14
230 102 26
254 138 154
40 15 28
36 79 189
78 134 188
179 17 92
58 254 79
174 238 200
96 96 169
195 110 75
41 136 75
179 34 49
194 62 48
18 251 88
152 183 124
169 20 202
167 99 125
149 43 183
245 213 101
99 32 197
236 107 136
14 156 178
77 204 101
72 36 40
0 160 58
20 106 210
119 232 124
163 159 35
200
120 5 185
152 202 174
3 83 18
159 5 254
108 106 12
144 146 89
49 204 162
155 159 162
131 27 182
35 62 45
40 247 208
242 166 72
69 184 224
74 182 227
181 194 131
71 28 239
20 190 127
179 96 176
206 22 76
12 67 207
4 20 242
170 92 26
98 61 13
24 32 82
218 163 157
246 146 82
180 18 153
20 194 173
42 14 96
110 222 46
130 208 59
222 235 63
27 248 233
60 74 75
223 231 99
114 57 61
132 211 52
70 128 232
85 225 253
51 15 39
3 74 149
238 137 23
230 114 246
49 189 17
24 32 77
82 94 45
37 146 159
165 122 35
134 119 105
150 159 190
224 52 241
106 76 245
220 66 227
154 83 202
186 161 251
24 206 19
170 109 101
37 144 138
156 249 48
59 184 182
112 169 76
188 158 45
254 130 151
81 76 115
242 71 13
192 90 200
45 192 224
189 74 139
183 122 176
111 49 76
24 125 136
183 170 248
57 65 180
133 181 178
204 194 3
38 138 246
230 107 182
49 246 228
171 166 161
220 242 88
90 122 199
4 114 224
70 38 151
251 216 208
189 220 85
72 210 33
179 136 71
169 108 46
79 14 95
65 102 10
188 46 231
46 14 65
85 165 69
45 117 139
9 202 134
219 235 68
100 50 140
208 96 63
222 191 232
69 202 55
115 177 120
129 242 52
38 55 99
155 195 184
101 73 229
80 141 239
130 25 202
227 88 46
162 64 255
108 119 221
29 240 34
15 36 149
71 135 22
10 63 60
83 37 215
225 20 60
250 222 140
83 13 15
147 12 242
11 233 148
251 12 1
31 161 30
167 184 46
230 244 117
11 204 127
31 8 210
254 149 179
11 164 174
23 150 1
0 42 148
12 43 159
174 74 154
102 120 186
90 237 97
38 108 71
47 62 83
196 242 114
104 160 112
254 161 123
40 53 146
84 213 147
158 111 159
22 41 77
3 138 179
111 210 14
173 37 52
159 151 99
63 8 39
224 131 143
22 22 141
235 169 182
90 72 10
132 150 168
14 73 190
224 87 193
5 140 48
157 239 221
165 23 125
40 166 188
62 52 157
231 234 179
48 244 158
198 156 248
15 90 124
103 27 139
243 75 107
226 40 113
249 165 14
160 98 179
212 255 219
190 178 26
178 80 1
78 72 49
168 197 247
195 80 7
14 187 110
54 44 97
220 58 67
62 237 61
61 201 221
239 227 177
63 228 111
135 22 33
76 13 111
156 20 23
88 130 218
132 227 232
191 39 30
172 100 250
117 65 56
88 242 117
61 97 100
83 130 163
96 241 43
117 8 119
247 226 20
219 202 108
2 232 240
102 227 175
167 27 92
